-CongestionSender-1.pcap:None
-Router02-2.pcap:0.189016
-Router03-1.pcap:0.179392
-TrafficSender-1.pcap:0.162064
-Router02-3.pcap:0.190936
-Receiver-1.pcap:0.198640
-Router01-3.pcap:0.171688
-Router03-2.pcap:0.181312
-Router01-4.pcap:0.169768
-Router01-1.pcap:None
